# The unit of each TxPower value is 0.5dBm.
# 'x' means use efuse default value instead of from this table
# Channels in the table are treated as center channel.

<Ver:02>

[US,PE,CO]
<ofdm, o6, o9, o12, o18, o24, o36, o48, o54>
ch007, 5, 5, 5, 5, 5, 5, 5, 5
ch023, 5, 5, 5, 5, 5, 5, 5, 5
ch039, 5, 5, 5, 5, 5, 5, 5, 5
ch055, 5, 5, 5, 5, 5, 5, 5, 5
ch071, 5, 5, 5, 5, 5, 5, 5, 5
ch087, 5, 5, 5, 5, 5, 5, 5, 5
ch103, 4, 4, 4, 4, 4, 4, 4, 4
ch119, 4, 4, 4, 4, 4, 4, 4, 4
ch135, 4, 4, 4, 4, 4, 4, 4, 4
ch151, 4, 4, 4, 4, 4, 4, 4, 4
ch167, 5, 5, 5, 5, 5, 5, 5, 5
ch183, 5, 5, 5, 5, 5, 5, 5, 5
ch199, 7, 7, 7, 7, 7, 7, 7, 7
ch215, 7, 7, 7, 7, 7, 7, 7, 7
ch233, 8, 8, 8, 8, 8, 8, 8, 8
</ofdm>

<ru26, m0, m1, m2, m3, m4, m5, m6, m7, m8, m9, m10, m11>
ch007, -25, -25, -25, -25, -25, -25, -25, -25, -25, -25, -25, -25
ch023, -25, -25, -25, -25, -25, -25, -25, -25, -25, -25, -25, -25
ch039, -22, -22, -22, -22, -22, -22, -22, -22, -22, -22, -22, -22
ch055, -22, -22, -22, -22, -22, -22, -22, -22, -22, -22, -22, -22
ch071, -23, -23, -23, -23, -23, -23, -23, -23, -23, -23, -23, -23
ch087, -23, -23, -23, -23, -23, -23, -23, -23, -23, -23, -23, -23
ch103, -23, -23, -23, -23, -23, -23, -23, -23, -23, -23, -23, -23
ch119, -24, -24, -24, -24, -24, -24, -24, -24, -24, -24, -24, -24
ch135, -24, -24, -24, -24, -24, -24, -24, -24, -24, -24, -24, -24
ch151, -24, -24, -24, -24, -24, -24, -24, -24, -24, -24, -24, -24
ch167, -23, -23, -23, -23, -23, -23, -23, -23, -23, -23, -23, -23
ch183, -23, -23, -23, -23, -23, -23, -23, -23, -23, -23, -23, -23
ch199, -23, -23, -23, -23, -23, -23, -23, -23, -23, -23, -23, -23
ch215, -18, -18, -18, -18, -18, -18, -18, -18, -18, -18, -18, -18
ch233, -20, -20, -20, -20, -20, -20, -20, -20, -20, -20, -20, -20
</ru26>

<ru52, m0, m1, m2, m3, m4, m5, m6, m7, m8, m9, m10, m11>
ch007, -18, -18, -18, -18, -18, -18, -18, -18, -18, -18, -18, -18
ch023, -18, -18, -18, -18, -18, -18, -18, -18, -18, -18, -18, -18
ch039, -17, -17, -17, -17, -17, -17, -17, -17, -17, -17, -17, -17
ch055, -17, -17, -17, -17, -17, -17, -17, -17, -17, -17, -17, -17
ch071, -17, -17, -17, -17, -17, -17, -17, -17, -17, -17, -17, -17
ch087, -17, -17, -17, -17, -17, -17, -17, -17, -17, -17, -17, -17
ch103, -17, -17, -17, -17, -17, -17, -17, -17, -17, -17, -17, -17
ch119, -17, -17, -17, -17, -17, -17, -17, -17, -17, -17, -17, -17
ch135, -19, -19, -19, -19, -19, -19, -19, -19, -19, -19, -19, -19
ch151, -19, -19, -19, -19, -19, -19, -19, -19, -19, -19, -19, -19
ch167, -17, -17, -17, -17, -17, -17, -17, -17, -17, -17, -17, -17
ch183, -17, -17, -17, -17, -17, -17, -17, -17, -17, -17, -17, -17
ch199, -17, -17, -17, -17, -17, -17, -17, -17, -17, -17, -17, -17
ch215, -14, -14, -14, -14, -14, -14, -14, -14, -14, -14, -14, -14
ch233, -14, -14, -14, -14, -14, -14, -14, -14, -14, -14, -14, -14
</ru52>

<ru106, m0, m1, m2, m3, m4, m5, m6, m7, m8, m9, m10, m11>
ch007, -12, -12, -12, -12, -12, -12, -12, -12, -12, -12, -12, -12
ch023, -12, -12, -12, -12, -12, -12, -12, -12, -12, -12, -12, -12
ch039, -12, -12, -12, -12, -12, -12, -12, -12, -12, -12, -12, -12
ch055, -12, -12, -12, -12, -12, -12, -12, -12, -12, -12, -12, -12
ch071, -12, -12, -12, -12, -12, -12, -12, -12, -12, -12, -12, -12
ch087, -11, -11, -11, -11, -11, -11, -11, -11, -11, -11, -11, -11
ch103, -11, -11, -11, -11, -11, -11, -11, -11, -11, -11, -11, -11
ch119, -11, -11, -11, -11, -11, -11, -11, -11, -11, -11, -11, -11
ch135, -13, -13, -13, -13, -13, -13, -13, -13, -13, -13, -13, -13
ch151, -13, -13, -13, -13, -13, -13, -13, -13, -13, -13, -13, -13
ch167, -12, -12, -12, -12, -12, -12, -12, -12, -12, -12, -12, -12
ch183, -12, -12, -12, -12, -12, -12, -12, -12, -12, -12, -12, -12
ch199, -11, -11, -11, -11, -11, -11, -11, -11, -11, -11, -11, -11
ch215, -8, -8, -8, -8, -8, -8, -8, -8, -8, -8, -8, -8
ch233, -8, -8, -8, -8, -8, -8, -8, -8, -8, -8, -8, -8
</ru106>

<ru242, m0, m1, m2, m3, m4, m5, m6, m7, m8, m9, m10, m11>
ch007, -6, -6, -6, -6, -6, -6, -6, -6, -6, -6, -6, -6
ch023, -6, -6, -6, -6, -6, -6, -6, -6, -6, -6, -6, -6
ch039, -7, -7, -7, -7, -7, -7, -7, -7, -7, -7, -7, -7
ch055, -7, -7, -7, -7, -7, -7, -7, -7, -7, -7, -7, -7
ch071, -7, -7, -7, -7, -7, -7, -7, -7, -7, -7, -7, -7
ch087, -6, -6, -6, -6, -6, -6, -6, -6, -6, -6, -6, -6
ch103, -7, -7, -7, -7, -7, -7, -7, -7, -7, -7, -7, -7
ch119, -7, -7, -7, -7, -7, -7, -7, -7, -7, -7, -7, -7
ch135, -7, -7, -7, -7, -7, -7, -7, -7, -7, -7, -7, -7
ch151, -7, -7, -7, -7, -7, -7, -7, -7, -7, -7, -7, -7
ch167, -5, -5, -5, -5, -5, -5, -5, -5, -5, -5, -5, -5
ch183, -5, -5, -5, -5, -5, -5, -5, -5, -5, -5, -5, -5
ch199, -6, -6, -6, -6, -6, -6, -6, -6, -6, -6, -6, -6
ch215, -3, -3, -3, -3, -3, -3, -3, -3, -3, -3, -3, -3
ch233, -3, -3, -3, -3, -3, -3, -3, -3, -3, -3, -3, -3
</ru242>

<ru484, m0, m1, m2, m3, m4, m5, m6, m7, m8, m9, m10, m11>
ch007, -1, -1, -1, -1, -1, -1, -1, -1, -1, -1, -1, -1
ch023, -1, -1, -1, -1, -1, -1, -1, -1, -1, -1, -1, -1
ch039, -3, -3, -3, -3, -3, -3, -3, -3, -3, -3, -3, -3
ch055, -3, -3, -3, -3, -3, -3, -3, -3, -3, -3, -3, -3
ch071, -3, -3, -3, -3, -3, -3, -3, -3, -3, -3, -3, -3
ch087, -1, -1, -1, -1, -1, -1, -1, -1, -1, -1, -1, -1
ch103, -3, -3, -3, -3, -3, -3, -3, -3, -3, -3, -3, -3
ch119, -3, -3, -3, -3, -3, -3, -3, -3, -3, -3, -3, -3
ch135, -1, -1, -1, -1, -1, -1, -1, -1, -1, -1, -1, -1
ch151, -1, -1, -1, -1, -1, -1, -1, -1, -1, -1, -1, -1
ch167, -1, -1, -1, -1, -1, -1, -1, -1, -1, -1, -1, -1
ch183, -1, -1, -1, -1, -1, -1, -1, -1, -1, -1, -1, -1
ch199, -1, -1, -1, -1, -1, -1, -1, -1, -1, -1, -1, -1
ch215, 1, 1, 1, 1, 1, 1, 1, 1, 1, 1, 1, 1
ch233, 1, 1, 1, 1, 1, 1, 1, 1, 1, 1, 1, 1
</ru484>

<ru996, m0, m1, m2, m3, m4, m5, m6, m7, m8, m9, m10, m11>
ch007, 5, 5, 5, 5, 5, 5, 5, 5, 5, 5, 5, 5
ch023, 5, 5, 5, 5, 5, 5, 5, 5, 5, 5, 5, 5
ch039, 4, 4, 4, 4, 4, 4, 4, 4, 4, 4, 4, 4
ch055, 4, 4, 4, 4, 4, 4, 4, 4, 4, 4, 4, 4
ch071, 4, 4, 4, 4, 4, 4, 4, 4, 4, 4, 4, 4
ch087, 5, 5, 5, 5, 5, 5, 5, 5, 5, 5, 5, 5
ch103, 4, 4, 4, 4, 4, 4, 4, 4, 4, 4, 4, 4
ch119, 4, 4, 4, 4, 4, 4, 4, 4, 4, 4, 4, 4
ch135, 4, 4, 4, 4, 4, 4, 4, 4, 4, 4, 4, 4
ch151, 3, 3, 3, 3, 3, 3, 3, 3, 3, 3, 3, 3
ch167, 5, 5, 5, 5, 5, 5, 5, 5, 5, 5, 5, 5
ch183, 5, 5, 5, 5, 5, 5, 5, 5, 5, 5, 5, 5
ch199, 7, 7, 7, 7, 7, 7, 7, 7, 7, 7, 7, 7
ch215, 7, 7, 7, 7, 7, 7, 7, 7, 7, 7, 7, 7
ch233, 7, 7, 7, 7, 7, 7, 7, 7, 7, 7, 7, 7
</ru996>

[DE,FR,IT,ES,NL,SE,PL,IE,BE]
<ofdm, o6, o9, o12, o18, o24, o36, o48, o54>
ch007, 23, 23, 23, 23, 23, 23, 23, 23
ch023, 23, 23, 23, 23, 23, 23, 23, 23
ch039, 23, 23, 23, 23, 23, 23, 23, 23
ch055, 26, 26, 26, 26, 26, 26, 26, 26
ch071, 26, 26, 26, 26, 26, 26, 26, 26
ch087, 26, 26, 26, 26, 26, 26, 26, 26
ch103, 26, 26, 26, 26, 26, 26, 26, 26
ch119, 26, 26, 26, 26, 26, 26, 26, 26
ch135, 26, 26, 26, 26, 26, 26, 26, 26
ch151, 26, 26, 26, 26, 26, 26, 26, 26
ch167, 26, 26, 26, 26, 26, 26, 26, 26
ch183, 26, 26, 26, 26, 26, 26, 26, 26
ch199, 26, 26, 26, 26, 26, 26, 26, 26
ch215, 26, 26, 26, 26, 26, 26, 26, 26
ch233, 26, 26, 26, 26, 26, 26, 26, 26
</ofdm>

<ru26, m0, m1, m2, m3, m4, m5, m6, m7, m8, m9, m10, m11>
ch007, 8, 8, 8, 8, 8, 8, 8, 8, 8, 8, 8, 8
ch023, 8, 8, 8, 8, 8, 8, 8, 8, 8, 8, 8, 8
ch039, 8, 8, 8, 8, 8, 8, 8, 8, 8, 8, 8, 8
ch055, 10, 10, 10, 10, 10, 10, 10, 10, 10, 10, 10, 10
ch071, 10, 10, 10, 10, 10, 10, 10, 10, 10, 10, 10, 10
ch087, 10, 10, 10, 10, 10, 10, 10, 10, 10, 10, 10, 10
ch103, 10, 10, 10, 10, 10, 10, 10, 10, 10, 10, 10, 10
ch119, 10, 10, 10, 10, 10, 10, 10, 10, 10, 10, 10, 10
ch135, 10, 10, 10, 10, 10, 10, 10, 10, 10, 10, 10, 10
ch151, 10, 10, 10, 10, 10, 10, 10, 10, 10, 10, 10, 10
ch167, 10, 10, 10, 10, 10, 10, 10, 10, 10, 10, 10, 10
ch183, 10, 10, 10, 10, 10, 10, 10, 10, 10, 10, 10, 10
ch199, 10, 10, 10, 10, 10, 10, 10, 10, 10, 10, 10, 10
ch215, 10, 10, 10, 10, 10, 10, 10, 10, 10, 10, 10, 10
ch233, 10, 10, 10, 10, 10, 10, 10, 10, 10, 10, 10, 10
</ru26>

<ru52, m0, m1, m2, m3, m4, m5, m6, m7, m8, m9, m10, m11>
ch007, 13, 13, 13, 13, 13, 13, 13, 13, 13, 13, 13, 13
ch023, 13, 13, 13, 13, 13, 13, 13, 13, 13, 13, 13, 13
ch039, 13, 13, 13, 13, 13, 13, 13, 13, 13, 13, 13, 13
ch055, 15, 15, 15, 15, 15, 15, 15, 15, 15, 15, 15, 15
ch071, 15, 15, 15, 15, 15, 15, 15, 15, 15, 15, 15, 15
ch087, 15, 15, 15, 15, 15, 15, 15, 15, 15, 15, 15, 15
ch103, 15, 15, 15, 15, 15, 15, 15, 15, 15, 15, 15, 15
ch119, 15, 15, 15, 15, 15, 15, 15, 15, 15, 15, 15, 15
ch135, 15, 15, 15, 15, 15, 15, 15, 15, 15, 15, 15, 15
ch151, 15, 15, 15, 15, 15, 15, 15, 15, 15, 15, 15, 15
ch167, 15, 15, 15, 15, 15, 15, 15, 15, 15, 15, 15, 15
ch183, 15, 15, 15, 15, 15, 15, 15, 15, 15, 15, 15, 15
ch199, 15, 15, 15, 15, 15, 15, 15, 15, 15, 15, 15, 15
ch215, 15, 15, 15, 15, 15, 15, 15, 15, 15, 15, 15, 15
ch233, 15, 15, 15, 15, 15, 15, 15, 15, 15, 15, 15, 15
</ru52>

<ru106, m0, m1, m2, m3, m4, m5, m6, m7, m8, m9, m10, m11>
ch007, 18, 18, 18, 18, 18, 18, 18, 18, 18, 18, 18, 18
ch023, 18, 18, 18, 18, 18, 18, 18, 18, 18, 18, 18, 18
ch039, 18, 18, 18, 18, 18, 18, 18, 18, 18, 18, 18, 18
ch055, 20, 20, 20, 20, 20, 20, 20, 20, 20, 20, 20, 20
ch071, 20, 20, 20, 20, 20, 20, 20, 20, 20, 20, 20, 20
ch087, 20, 20, 20, 20, 20, 20, 20, 20, 20, 20, 20, 20
ch103, 20, 20, 20, 20, 20, 20, 20, 20, 20, 20, 20, 20
ch119, 20, 20, 20, 20, 20, 20, 20, 20, 20, 20, 20, 20
ch135, 20, 20, 20, 20, 20, 20, 20, 20, 20, 20, 20, 20
ch151, 20, 20, 20, 20, 20, 20, 20, 20, 20, 20, 20, 20
ch167, 20, 20, 20, 20, 20, 20, 20, 20, 20, 20, 20, 20
ch183, 20, 20, 20, 20, 20, 20, 20, 20, 20, 20, 20, 20
ch199, 20, 20, 20, 20, 20, 20, 20, 20, 20, 20, 20, 20
ch215, 20, 20, 20, 20, 20, 20, 20, 20, 20, 20, 20, 20
ch233, 20, 20, 20, 20, 20, 20, 20, 20, 20, 20, 20, 20
</ru106>

<ru242, m0, m1, m2, m3, m4, m5, m6, m7, m8, m9, m10, m11>
ch007, 23, 23, 23, 23, 23, 23, 23, 23, 23, 23, 23, 23
ch023, 23, 23, 23, 23, 23, 23, 23, 23, 23, 23, 23, 23
ch039, 23, 23, 23, 23, 23, 23, 23, 23, 23, 23, 23, 23
ch055, 23, 23, 23, 23, 23, 23, 23, 23, 23, 23, 23, 23
ch071, 23, 23, 23, 23, 23, 23, 23, 23, 23, 23, 23, 23
ch087, 23, 23, 23, 23, 23, 23, 23, 23, 23, 23, 23, 23
ch103, 23, 23, 23, 23, 23, 23, 23, 23, 23, 23, 23, 23
ch119, 23, 23, 23, 23, 23, 23, 23, 23, 23, 23, 23, 23
ch135, 23, 23, 23, 23, 23, 23, 23, 23, 23, 23, 23, 23
ch151, 23, 23, 23, 23, 23, 23, 23, 23, 23, 23, 23, 23
ch167, 23, 23, 23, 23, 23, 23, 23, 23, 23, 23, 23, 23
ch183, 23, 23, 23, 23, 23, 23, 23, 23, 23, 23, 23, 23
ch199, 23, 23, 23, 23, 23, 23, 23, 23, 23, 23, 23, 23
ch215, 23, 23, 23, 23, 23, 23, 23, 23, 23, 23, 23, 23
ch233, 23, 23, 23, 23, 23, 23, 23, 23, 23, 23, 23, 23
</ru242>

<ru484, m0, m1, m2, m3, m4, m5, m6, m7, m8, m9, m10, m11>
ch007, 21, 21, 21, 21, 21, 21, 21, 21, 21, 21, 21, 21
ch023, 21, 21, 21, 21, 21, 21, 21, 21, 21, 21, 21, 21
ch039, 21, 21, 21, 21, 21, 21, 21, 21, 21, 21, 21, 21
ch055, 23, 23, 23, 23, 23, 23, 23, 23, 23, 23, 23, 23
ch071, 23, 23, 23, 23, 23, 23, 23, 23, 23, 23, 23, 23
ch087, 23, 23, 23, 23, 23, 23, 23, 23, 23, 23, 23, 23
ch103, 23, 23, 23, 23, 23, 23, 23, 23, 23, 23, 23, 23
ch119, 23, 23, 23, 23, 23, 23, 23, 23, 23, 23, 23, 23
ch135, 23, 23, 23, 23, 23, 23, 23, 23, 23, 23, 23, 23
ch151, 23, 23, 23, 23, 23, 23, 23, 23, 23, 23, 23, 23
ch167, 23, 23, 23, 23, 23, 23, 23, 23, 23, 23, 23, 23
ch183, 23, 23, 23, 23, 23, 23, 23, 23, 23, 23, 23, 23
ch199, 23, 23, 23, 23, 23, 23, 23, 23, 23, 23, 23, 23
ch215, 23, 23, 23, 23, 23, 23, 23, 23, 23, 23, 23, 23
ch233, 23, 23, 23, 23, 23, 23, 23, 23, 23, 23, 23, 23
</ru484>

<ru996, m0, m1, m2, m3, m4, m5, m6, m7, m8, m9, m10, m11>
ch007, 26, 26, 26, 26, 26, 26, 26, 26, 26, 26, 26, 26
ch023, 26, 26, 26, 26, 26, 26, 26, 26, 26, 26, 26, 26
ch039, 26, 26, 26, 26, 26, 26, 26, 26, 26, 26, 26, 26
ch055, 26, 26, 26, 26, 26, 26, 26, 26, 26, 26, 26, 26
ch071, 26, 26, 26, 26, 26, 26, 26, 26, 26, 26, 26, 26
ch087, 26, 26, 26, 26, 26, 26, 26, 26, 26, 26, 26, 26
ch103, 26, 26, 26, 26, 26, 26, 26, 26, 26, 26, 26, 26
ch119, 26, 26, 26, 26, 26, 26, 26, 26, 26, 26, 26, 26
ch135, 26, 26, 26, 26, 26, 26, 26, 26, 26, 26, 26, 26
ch151, 26, 26, 26, 26, 26, 26, 26, 26, 26, 26, 26, 26
ch167, 26, 26, 26, 26, 26, 26, 26, 26, 26, 26, 26, 26
ch183, 26, 26, 26, 26, 26, 26, 26, 26, 26, 26, 26, 26
ch199, 26, 26, 26, 26, 26, 26, 26, 26, 26, 26, 26, 26
ch215, 26, 26, 26, 26, 26, 26, 26, 26, 26, 26, 26, 26
ch233, 26, 26, 26, 26, 26, 26, 26, 26, 26, 26, 26, 26
</ru996>

[CA]
<ofdm, o6, o9, o12, o18, o24, o36, o48, o54>
ch007, 5, 5, 5, 5, 5, 5, 5, 5
ch023, 5, 5, 5, 5, 5, 5, 5, 5
ch039, 5, 5, 5, 5, 5, 5, 5, 5
ch055, 5, 5, 5, 5, 5, 5, 5, 5
ch071, 5, 5, 5, 5, 5, 5, 5, 5
ch087, 5, 5, 5, 5, 5, 5, 5, 5
ch103, 4, 4, 4, 4, 4, 4, 4, 4
ch119, 4, 4, 4, 4, 4, 4, 4, 4
ch135, 4, 4, 4, 4, 4, 4, 4, 4
ch151, 4, 4, 4, 4, 4, 4, 4, 4
ch167, 5, 5, 5, 5, 5, 5, 5, 5
ch183, 5, 5, 5, 5, 5, 5, 5, 5
ch199, 7, 7, 7, 7, 7, 7, 7, 7
ch215, 7, 7, 7, 7, 7, 7, 7, 7
ch233, 8, 8, 8, 8, 8, 8, 8, 8
</ofdm>

<ru26, m0, m1, m2, m3, m4, m5, m6, m7, m8, m9, m10, m11>
ch007, -25, -25, -25, -25, -25, -25, -25, -25, -25, -25, -25, -25
ch023, -25, -25, -25, -25, -25, -25, -25, -25, -25, -25, -25, -25
ch039, -22, -22, -22, -22, -22, -22, -22, -22, -22, -22, -22, -22
ch055, -22, -22, -22, -22, -22, -22, -22, -22, -22, -22, -22, -22
ch071, -23, -23, -23, -23, -23, -23, -23, -23, -23, -23, -23, -23
ch087, -23, -23, -23, -23, -23, -23, -23, -23, -23, -23, -23, -23
ch103, -23, -23, -23, -23, -23, -23, -23, -23, -23, -23, -23, -23
ch119, -24, -24, -24, -24, -24, -24, -24, -24, -24, -24, -24, -24
ch135, -24, -24, -24, -24, -24, -24, -24, -24, -24, -24, -24, -24
ch151, -24, -24, -24, -24, -24, -24, -24, -24, -24, -24, -24, -24
ch167, -23, -23, -23, -23, -23, -23, -23, -23, -23, -23, -23, -23
ch183, -23, -23, -23, -23, -23, -23, -23, -23, -23, -23, -23, -23
ch199, -23, -23, -23, -23, -23, -23, -23, -23, -23, -23, -23, -23
ch215, -18, -18, -18, -18, -18, -18, -18, -18, -18, -18, -18, -18
ch233, -20, -20, -20, -20, -20, -20, -20, -20, -20, -20, -20, -20
</ru26>

<ru52, m0, m1, m2, m3, m4, m5, m6, m7, m8, m9, m10, m11>
ch007, -18, -18, -18, -18, -18, -18, -18, -18, -18, -18, -18, -18
ch023, -18, -18, -18, -18, -18, -18, -18, -18, -18, -18, -18, -18
ch039, -17, -17, -17, -17, -17, -17, -17, -17, -17, -17, -17, -17
ch055, -17, -17, -17, -17, -17, -17, -17, -17, -17, -17, -17, -17
ch071, -17, -17, -17, -17, -17, -17, -17, -17, -17, -17, -17, -17
ch087, -17, -17, -17, -17, -17, -17, -17, -17, -17, -17, -17, -17
ch103, -17, -17, -17, -17, -17, -17, -17, -17, -17, -17, -17, -17
ch119, -17, -17, -17, -17, -17, -17, -17, -17, -17, -17, -17, -17
ch135, -19, -19, -19, -19, -19, -19, -19, -19, -19, -19, -19, -19
ch151, -19, -19, -19, -19, -19, -19, -19, -19, -19, -19, -19, -19
ch167, -17, -17, -17, -17, -17, -17, -17, -17, -17, -17, -17, -17
ch183, -17, -17, -17, -17, -17, -17, -17, -17, -17, -17, -17, -17
ch199, -17, -17, -17, -17, -17, -17, -17, -17, -17, -17, -17, -17
ch215, -14, -14, -14, -14, -14, -14, -14, -14, -14, -14, -14, -14
ch233, -14, -14, -14, -14, -14, -14, -14, -14, -14, -14, -14, -14
</ru52>

<ru106, m0, m1, m2, m3, m4, m5, m6, m7, m8, m9, m10, m11>
ch007, -12, -12, -12, -12, -12, -12, -12, -12, -12, -12, -12, -12
ch023, -12, -12, -12, -12, -12, -12, -12, -12, -12, -12, -12, -12
ch039, -12, -12, -12, -12, -12, -12, -12, -12, -12, -12, -12, -12
ch055, -12, -12, -12, -12, -12, -12, -12, -12, -12, -12, -12, -12
ch071, -12, -12, -12, -12, -12, -12, -12, -12, -12, -12, -12, -12
ch087, -11, -11, -11, -11, -11, -11, -11, -11, -11, -11, -11, -11
ch103, -11, -11, -11, -11, -11, -11, -11, -11, -11, -11, -11, -11
ch119, -11, -11, -11, -11, -11, -11, -11, -11, -11, -11, -11, -11
ch135, -13, -13, -13, -13, -13, -13, -13, -13, -13, -13, -13, -13
ch151, -13, -13, -13, -13, -13, -13, -13, -13, -13, -13, -13, -13
ch167, -12, -12, -12, -12, -12, -12, -12, -12, -12, -12, -12, -12
ch183, -12, -12, -12, -12, -12, -12, -12, -12, -12, -12, -12, -12
ch199, -11, -11, -11, -11, -11, -11, -11, -11, -11, -11, -11, -11
ch215, -8, -8, -8, -8, -8, -8, -8, -8, -8, -8, -8, -8
ch233, -8, -8, -8, -8, -8, -8, -8, -8, -8, -8, -8, -8
</ru106>

<ru242, m0, m1, m2, m3, m4, m5, m6, m7, m8, m9, m10, m11>
ch007, -6, -6, -6, -6, -6, -6, -6, -6, -6, -6, -6, -6
ch023, -6, -6, -6, -6, -6, -6, -6, -6, -6, -6, -6, -6
ch039, -7, -7, -7, -7, -7, -7, -7, -7, -7, -7, -7, -7
ch055, -7, -7, -7, -7, -7, -7, -7, -7, -7, -7, -7, -7
ch071, -7, -7, -7, -7, -7, -7, -7, -7, -7, -7, -7, -7
ch087, -6, -6, -6, -6, -6, -6, -6, -6, -6, -6, -6, -6
ch103, -7, -7, -7, -7, -7, -7, -7, -7, -7, -7, -7, -7
ch119, -7, -7, -7, -7, -7, -7, -7, -7, -7, -7, -7, -7
ch135, -7, -7, -7, -7, -7, -7, -7, -7, -7, -7, -7, -7
ch151, -7, -7, -7, -7, -7, -7, -7, -7, -7, -7, -7, -7
ch167, -5, -5, -5, -5, -5, -5, -5, -5, -5, -5, -5, -5
ch183, -5, -5, -5, -5, -5, -5, -5, -5, -5, -5, -5, -5
ch199, -6, -6, -6, -6, -6, -6, -6, -6, -6, -6, -6, -6
ch215, -3, -3, -3, -3, -3, -3, -3, -3, -3, -3, -3, -3
ch233, -3, -3, -3, -3, -3, -3, -3, -3, -3, -3, -3, -3
</ru242>

<ru484, m0, m1, m2, m3, m4, m5, m6, m7, m8, m9, m10, m11>
ch007, -1, -1, -1, -1, -1, -1, -1, -1, -1, -1, -1, -1
ch023, -1, -1, -1, -1, -1, -1, -1, -1, -1, -1, -1, -1
ch039, -3, -3, -3, -3, -3, -3, -3, -3, -3, -3, -3, -3
ch055, -3, -3, -3, -3, -3, -3, -3, -3, -3, -3, -3, -3
ch071, -3, -3, -3, -3, -3, -3, -3, -3, -3, -3, -3, -3
ch087, -1, -1, -1, -1, -1, -1, -1, -1, -1, -1, -1, -1
ch103, -3, -3, -3, -3, -3, -3, -3, -3, -3, -3, -3, -3
ch119, -3, -3, -3, -3, -3, -3, -3, -3, -3, -3, -3, -3
ch135, -1, -1, -1, -1, -1, -1, -1, -1, -1, -1, -1, -1
ch151, -1, -1, -1, -1, -1, -1, -1, -1, -1, -1, -1, -1
ch167, -1, -1, -1, -1, -1, -1, -1, -1, -1, -1, -1, -1
ch183, -1, -1, -1, -1, -1, -1, -1, -1, -1, -1, -1, -1
ch199, -1, -1, -1, -1, -1, -1, -1, -1, -1, -1, -1, -1
ch215, 1, 1, 1, 1, 1, 1, 1, 1, 1, 1, 1, 1
ch233, 1, 1, 1, 1, 1, 1, 1, 1, 1, 1, 1, 1
</ru484>

<ru996, m0, m1, m2, m3, m4, m5, m6, m7, m8, m9, m10, m11>
ch007, 5, 5, 5, 5, 5, 5, 5, 5, 5, 5, 5, 5
ch023, 5, 5, 5, 5, 5, 5, 5, 5, 5, 5, 5, 5
ch039, 4, 4, 4, 4, 4, 4, 4, 4, 4, 4, 4, 4
ch055, 4, 4, 4, 4, 4, 4, 4, 4, 4, 4, 4, 4
ch071, 4, 4, 4, 4, 4, 4, 4, 4, 4, 4, 4, 4
ch087, 5, 5, 5, 5, 5, 5, 5, 5, 5, 5, 5, 5
ch103, 4, 4, 4, 4, 4, 4, 4, 4, 4, 4, 4, 4
ch119, 4, 4, 4, 4, 4, 4, 4, 4, 4, 4, 4, 4
ch135, 4, 4, 4, 4, 4, 4, 4, 4, 4, 4, 4, 4
ch151, 3, 3, 3, 3, 3, 3, 3, 3, 3, 3, 3, 3
ch167, 5, 5, 5, 5, 5, 5, 5, 5, 5, 5, 5, 5
ch183, 5, 5, 5, 5, 5, 5, 5, 5, 5, 5, 5, 5
ch199, 7, 7, 7, 7, 7, 7, 7, 7, 7, 7, 7, 7
ch215, 7, 7, 7, 7, 7, 7, 7, 7, 7, 7, 7, 7
ch233, 7, 7, 7, 7, 7, 7, 7, 7, 7, 7, 7, 7
</ru996>

[GB]
<ofdm, o6, o9, o12, o18, o24, o36, o48, o54>
ch007, 23, 23, 23, 23, 23, 23, 23, 23
ch023, 23, 23, 23, 23, 23, 23, 23, 23
ch039, 23, 23, 23, 23, 23, 23, 23, 23
ch055, 24, 24, 24, 24, 24, 24, 24, 24
ch071, 24, 24, 24, 24, 24, 24, 24, 24
ch087, 24, 24, 24, 24, 24, 24, 24, 24
ch103, 24, 24, 24, 24, 24, 24, 24, 24
ch119, 24, 24, 24, 24, 24, 24, 24, 24
ch135, 24, 24, 24, 24, 24, 24, 24, 24
ch151, 24, 24, 24, 24, 24, 24, 24, 24
ch167, 24, 24, 24, 24, 24, 24, 24, 24
ch183, 24, 24, 24, 24, 24, 24, 24, 24
ch199, 24, 24, 24, 24, 24, 24, 24, 24
ch215, 24, 24, 24, 24, 24, 24, 24, 24
ch233, 24, 24, 24, 24, 24, 24, 24, 24
</ofdm>

<ru26, m0, m1, m2, m3, m4, m5, m6, m7, m8, m9, m10, m11>
ch007, 8, 8, 8, 8, 8, 8, 8, 8, 8, 8, 8, 8
ch023, 8, 8, 8, 8, 8, 8, 8, 8, 8, 8, 8, 8
ch039, 8, 8, 8, 8, 8, 8, 8, 8, 8, 8, 8, 8
ch055, 8, 8, 8, 8, 8, 8, 8, 8, 8, 8, 8, 8
ch071, 8, 8, 8, 8, 8, 8, 8, 8, 8, 8, 8, 8
ch087, 8, 8, 8, 8, 8, 8, 8, 8, 8, 8, 8, 8
ch103, 8, 8, 8, 8, 8, 8, 8, 8, 8, 8, 8, 8
ch119, 8, 8, 8, 8, 8, 8, 8, 8, 8, 8, 8, 8
ch135, 8, 8, 8, 8, 8, 8, 8, 8, 8, 8, 8, 8
ch151, 8, 8, 8, 8, 8, 8, 8, 8, 8, 8, 8, 8
ch167, 8, 8, 8, 8, 8, 8, 8, 8, 8, 8, 8, 8
ch183, 8, 8, 8, 8, 8, 8, 8, 8, 8, 8, 8, 8
ch199, 8, 8, 8, 8, 8, 8, 8, 8, 8, 8, 8, 8
ch215, 8, 8, 8, 8, 8, 8, 8, 8, 8, 8, 8, 8
ch233, 8, 8, 8, 8, 8, 8, 8, 8, 8, 8, 8, 8
</ru26>

<ru52, m0, m1, m2, m3, m4, m5, m6, m7, m8, m9, m10, m11>
ch007, 13, 13, 13, 13, 13, 13, 13, 13, 13, 13, 13, 13
ch023, 13, 13, 13, 13, 13, 13, 13, 13, 13, 13, 13, 13
ch039, 13, 13, 13, 13, 13, 13, 13, 13, 13, 13, 13, 13
ch055, 13, 13, 13, 13, 13, 13, 13, 13, 13, 13, 13, 13
ch071, 13, 13, 13, 13, 13, 13, 13, 13, 13, 13, 13, 13
ch087, 13, 13, 13, 13, 13, 13, 13, 13, 13, 13, 13, 13
ch103, 13, 13, 13, 13, 13, 13, 13, 13, 13, 13, 13, 13
ch119, 13, 13, 13, 13, 13, 13, 13, 13, 13, 13, 13, 13
ch135, 13, 13, 13, 13, 13, 13, 13, 13, 13, 13, 13, 13
ch151, 13, 13, 13, 13, 13, 13, 13, 13, 13, 13, 13, 13
ch167, 13, 13, 13, 13, 13, 13, 13, 13, 13, 13, 13, 13
ch183, 13, 13, 13, 13, 13, 13, 13, 13, 13, 13, 13, 13
ch199, 13, 13, 13, 13, 13, 13, 13, 13, 13, 13, 13, 13
ch215, 13, 13, 13, 13, 13, 13, 13, 13, 13, 13, 13, 13
ch233, 13, 13, 13, 13, 13, 13, 13, 13, 13, 13, 13, 13
</ru52>

<ru106, m0, m1, m2, m3, m4, m5, m6, m7, m8, m9, m10, m11>
ch007, 18, 18, 18, 18, 18, 18, 18, 18, 18, 18, 18, 18
ch023, 18, 18, 18, 18, 18, 18, 18, 18, 18, 18, 18, 18
ch039, 18, 18, 18, 18, 18, 18, 18, 18, 18, 18, 18, 18
ch055, 18, 18, 18, 18, 18, 18, 18, 18, 18, 18, 18, 18
ch071, 18, 18, 18, 18, 18, 18, 18, 18, 18, 18, 18, 18
ch087, 18, 18, 18, 18, 18, 18, 18, 18, 18, 18, 18, 18
ch103, 18, 18, 18, 18, 18, 18, 18, 18, 18, 18, 18, 18
ch119, 18, 18, 18, 18, 18, 18, 18, 18, 18, 18, 18, 18
ch135, 18, 18, 18, 18, 18, 18, 18, 18, 18, 18, 18, 18
ch151, 18, 18, 18, 18, 18, 18, 18, 18, 18, 18, 18, 18
ch167, 18, 18, 18, 18, 18, 18, 18, 18, 18, 18, 18, 18
ch183, 18, 18, 18, 18, 18, 18, 18, 18, 18, 18, 18, 18
ch199, 18, 18, 18, 18, 18, 18, 18, 18, 18, 18, 18, 18
ch215, 18, 18, 18, 18, 18, 18, 18, 18, 18, 18, 18, 18
ch233, 18, 18, 18, 18, 18, 18, 18, 18, 18, 18, 18, 18
</ru106>

<ru242, m0, m1, m2, m3, m4, m5, m6, m7, m8, m9, m10, m11>
ch007, 21, 21, 21, 21, 21, 21, 21, 21, 21, 21, 21, 21
ch023, 21, 21, 21, 21, 21, 21, 21, 21, 21, 21, 21, 21
ch039, 21, 21, 21, 21, 21, 21, 21, 21, 21, 21, 21, 21
ch055, 21, 21, 21, 21, 21, 21, 21, 21, 21, 21, 21, 21
ch071, 21, 21, 21, 21, 21, 21, 21, 21, 21, 21, 21, 21
ch087, 21, 21, 21, 21, 21, 21, 21, 21, 21, 21, 21, 21
ch103, 21, 21, 21, 21, 21, 21, 21, 21, 21, 21, 21, 21
ch119, 21, 21, 21, 21, 21, 21, 21, 21, 21, 21, 21, 21
ch135, 21, 21, 21, 21, 21, 21, 21, 21, 21, 21, 21, 21
ch151, 21, 21, 21, 21, 21, 21, 21, 21, 21, 21, 21, 21
ch167, 21, 21, 21, 21, 21, 21, 21, 21, 21, 21, 21, 21
ch183, 21, 21, 21, 21, 21, 21, 21, 21, 21, 21, 21, 21
ch199, 21, 21, 21, 21, 21, 21, 21, 21, 21, 21, 21, 21
ch215, 21, 21, 21, 21, 21, 21, 21, 21, 21, 21, 21, 21
ch233, 21, 21, 21, 21, 21, 21, 21, 21, 21, 21, 21, 21
</ru242>

<ru484, m0, m1, m2, m3, m4, m5, m6, m7, m8, m9, m10, m11>
ch007, 21, 21, 21, 21, 21, 21, 21, 21, 21, 21, 21, 21
ch023, 21, 21, 21, 21, 21, 21, 21, 21, 21, 21, 21, 21
ch039, 21, 21, 21, 21, 21, 21, 21, 21, 21, 21, 21, 21
ch055, 21, 21, 21, 21, 21, 21, 21, 21, 21, 21, 21, 21
ch071, 21, 21, 21, 21, 21, 21, 21, 21, 21, 21, 21, 21
ch087, 21, 21, 21, 21, 21, 21, 21, 21, 21, 21, 21, 21
ch103, 21, 21, 21, 21, 21, 21, 21, 21, 21, 21, 21, 21
ch119, 21, 21, 21, 21, 21, 21, 21, 21, 21, 21, 21, 21
ch135, 21, 21, 21, 21, 21, 21, 21, 21, 21, 21, 21, 21
ch151, 21, 21, 21, 21, 21, 21, 21, 21, 21, 21, 21, 21
ch167, 21, 21, 21, 21, 21, 21, 21, 21, 21, 21, 21, 21
ch183, 21, 21, 21, 21, 21, 21, 21, 21, 21, 21, 21, 21
ch199, 21, 21, 21, 21, 21, 21, 21, 21, 21, 21, 21, 21
ch215, 21, 21, 21, 21, 21, 21, 21, 21, 21, 21, 21, 21
ch233, 21, 21, 21, 21, 21, 21, 21, 21, 21, 21, 21, 21
</ru484>

<ru996, m0, m1, m2, m3, m4, m5, m6, m7, m8, m9, m10, m11>
ch007, 24, 24, 24, 24, 24, 24, 24, 24, 24, 24, 24, 24
ch023, 24, 24, 24, 24, 24, 24, 24, 24, 24, 24, 24, 24
ch039, 24, 24, 24, 24, 24, 24, 24, 24, 24, 24, 24, 24
ch055, 24, 24, 24, 24, 24, 24, 24, 24, 24, 24, 24, 24
ch071, 24, 24, 24, 24, 24, 24, 24, 24, 24, 24, 24, 24
ch087, 24, 24, 24, 24, 24, 24, 24, 24, 24, 24, 24, 24
ch103, 24, 24, 24, 24, 24, 24, 24, 24, 24, 24, 24, 24
ch119, 24, 24, 24, 24, 24, 24, 24, 24, 24, 24, 24, 24
ch135, 24, 24, 24, 24, 24, 24, 24, 24, 24, 24, 24, 24
ch151, 24, 24, 24, 24, 24, 24, 24, 24, 24, 24, 24, 24
ch167, 24, 24, 24, 24, 24, 24, 24, 24, 24, 24, 24, 24
ch183, 24, 24, 24, 24, 24, 24, 24, 24, 24, 24, 24, 24
ch199, 24, 24, 24, 24, 24, 24, 24, 24, 24, 24, 24, 24
ch215, 24, 24, 24, 24, 24, 24, 24, 24, 24, 24, 24, 24
ch233, 24, 24, 24, 24, 24, 24, 24, 24, 24, 24, 24, 24
</ru996>

[JP]
<ofdm, o6, o9, o12, o18, o24, o36, o48, o54>
ch007, 22, 22, 22, 22, 22, 22, 22, 22
ch023, 22, 22, 22, 22, 22, 22, 22, 22
ch039, 22, 22, 22, 22, 22, 22, 22, 22
ch055, 22, 22, 22, 22, 22, 22, 22, 22
ch071, 22, 22, 22, 22, 22, 22, 22, 22
ch087, 22, 22, 22, 22, 22, 22, 22, 22
ch103, 22, 22, 22, 22, 22, 22, 22, 22
ch119, 22, 22, 22, 22, 22, 22, 22, 22
ch135, 22, 22, 22, 22, 22, 22, 22, 22
ch151, 22, 22, 22, 22, 22, 22, 22, 22
ch167, 22, 22, 22, 22, 22, 22, 22, 22
ch183, 22, 22, 22, 22, 22, 22, 22, 22
ch199, 22, 22, 22, 22, 22, 22, 22, 22
ch215, 22, 22, 22, 22, 22, 22, 22, 22
ch233, 22, 22, 22, 22, 22, 22, 22, 22
</ofdm>

<ru26, m0, m1, m2, m3, m4, m5, m6, m7, m8, m9, m10, m11>
ch007, 6, 6, 6, 6, 6, 6, 6, 6, 6, 6, 6, 6
ch023, 6, 6, 6, 6, 6, 6, 6, 6, 6, 6, 6, 6
ch039, 7, 7, 7, 7, 7, 7, 7, 7, 7, 7, 7, 7
ch055, 7, 7, 7, 7, 7, 7, 7, 7, 7, 7, 7, 7
ch071, 7, 7, 7, 7, 7, 7, 7, 7, 7, 7, 7, 7
ch087, 7, 7, 7, 7, 7, 7, 7, 7, 7, 7, 7, 7
ch103, 7, 7, 7, 7, 7, 7, 7, 7, 7, 7, 7, 7
ch119, 7, 7, 7, 7, 7, 7, 7, 7, 7, 7, 7, 7
ch135, 7, 7, 7, 7, 7, 7, 7, 7, 7, 7, 7, 7
ch151, 7, 7, 7, 7, 7, 7, 7, 7, 7, 7, 7, 7
ch167, 7, 7, 7, 7, 7, 7, 7, 7, 7, 7, 7, 7
ch183, 7, 7, 7, 7, 7, 7, 7, 7, 7, 7, 7, 7
ch199, 7, 7, 7, 7, 7, 7, 7, 7, 7, 7, 7, 7
ch215, 7, 7, 7, 7, 7, 7, 7, 7, 7, 7, 7, 7
ch233, 7, 7, 7, 7, 7, 7, 7, 7, 7, 7, 7, 7
</ru26>

<ru52, m0, m1, m2, m3, m4, m5, m6, m7, m8, m9, m10, m11>
ch007, 10, 10, 10, 10, 10, 10, 10, 10, 10, 10, 10, 10
ch023, 10, 10, 10, 10, 10, 10, 10, 10, 10, 10, 10, 10
ch039, 11, 11, 11, 11, 11, 11, 11, 11, 11, 11, 11, 11
ch055, 11, 11, 11, 11, 11, 11, 11, 11, 11, 11, 11, 11
ch071, 12, 12, 12, 12, 12, 12, 12, 12, 12, 12, 12, 12
ch087, 12, 12, 12, 12, 12, 12, 12, 12, 12, 12, 12, 12
ch103, 12, 12, 12, 12, 12, 12, 12, 12, 12, 12, 12, 12
ch119, 12, 12, 12, 12, 12, 12, 12, 12, 12, 12, 12, 12
ch135, 12, 12, 12, 12, 12, 12, 12, 12, 12, 12, 12, 12
ch151, 12, 12, 12, 12, 12, 12, 12, 12, 12, 12, 12, 12
ch167, 12, 12, 12, 12, 12, 12, 12, 12, 12, 12, 12, 12
ch183, 12, 12, 12, 12, 12, 12, 12, 12, 12, 12, 12, 12
ch199, 12, 12, 12, 12, 12, 12, 12, 12, 12, 12, 12, 12
ch215, 12, 12, 12, 12, 12, 12, 12, 12, 12, 12, 12, 12
ch233, 12, 12, 12, 12, 12, 12, 12, 12, 12, 12, 12, 12
</ru52>

<ru106, m0, m1, m2, m3, m4, m5, m6, m7, m8, m9, m10, m11>
ch007, 16, 16, 16, 16, 16, 16, 16, 16, 16, 16, 16, 16
ch023, 16, 16, 16, 16, 16, 16, 16, 16, 16, 16, 16, 16
ch039, 17, 17, 17, 17, 17, 17, 17, 17, 17, 17, 17, 17
ch055, 17, 17, 17, 17, 17, 17, 17, 17, 17, 17, 17, 17
ch071, 18, 18, 18, 18, 18, 18, 18, 18, 18, 18, 18, 18
ch087, 18, 18, 18, 18, 18, 18, 18, 18, 18, 18, 18, 18
ch103, 18, 18, 18, 18, 18, 18, 18, 18, 18, 18, 18, 18
ch119, 18, 18, 18, 18, 18, 18, 18, 18, 18, 18, 18, 18
ch135, 18, 18, 18, 18, 18, 18, 18, 18, 18, 18, 18, 18
ch151, 18, 18, 18, 18, 18, 18, 18, 18, 18, 18, 18, 18
ch167, 18, 18, 18, 18, 18, 18, 18, 18, 18, 18, 18, 18
ch183, 18, 18, 18, 18, 18, 18, 18, 18, 18, 18, 18, 18
ch199, 18, 18, 18, 18, 18, 18, 18, 18, 18, 18, 18, 18
ch215, 18, 18, 18, 18, 18, 18, 18, 18, 18, 18, 18, 18
ch233, 18, 18, 18, 18, 18, 18, 18, 18, 18, 18, 18, 18
</ru106>

<ru242, m0, m1, m2, m3, m4, m5, m6, m7, m8, m9, m10, m11>
ch007, 12, 12, 12, 12, 12, 12, 12, 12, 12, 12, 12, 12
ch023, 11, 11, 11, 11, 11, 11, 11, 11, 11, 11, 11, 11
ch039, 11, 11, 11, 11, 11, 11, 11, 11, 11, 11, 11, 11
ch055, 11, 11, 11, 11, 11, 11, 11, 11, 11, 11, 11, 11
ch071, 10, 10, 10, 10, 10, 10, 10, 10, 10, 10, 10, 10
ch087, 10, 10, 10, 10, 10, 10, 10, 10, 10, 10, 10, 10
ch103, 10, 10, 10, 10, 10, 10, 10, 10, 10, 10, 10, 10
ch119, 10, 10, 10, 10, 10, 10, 10, 10, 10, 10, 10, 10
ch135, 10, 10, 10, 10, 10, 10, 10, 10, 10, 10, 10, 10
ch151, 10, 10, 10, 10, 10, 10, 10, 10, 10, 10, 10, 10
ch167, 10, 10, 10, 10, 10, 10, 10, 10, 10, 10, 10, 10
ch183, 10, 10, 10, 10, 10, 10, 10, 10, 10, 10, 10, 10
ch199, 10, 10, 10, 10, 10, 10, 10, 10, 10, 10, 10, 10
ch215, 10, 10, 10, 10, 10, 10, 10, 10, 10, 10, 10, 10
ch233, 10, 10, 10, 10, 10, 10, 10, 10, 10, 10, 10, 10
</ru242>

<ru484, m0, m1, m2, m3, m4, m5, m6, m7, m8, m9, m10, m11>
ch007, 16, 16, 16, 16, 16, 16, 16, 16, 16, 16, 16, 16
ch023, 16, 16, 16, 16, 16, 16, 16, 16, 16, 16, 16, 16
ch039, 16, 16, 16, 16, 16, 16, 16, 16, 16, 16, 16, 16
ch055, 16, 16, 16, 16, 16, 16, 16, 16, 16, 16, 16, 16
ch071, 17, 17, 17, 17, 17, 17, 17, 17, 17, 17, 17, 17
ch087, 17, 17, 17, 17, 17, 17, 17, 17, 17, 17, 17, 17
ch103, 17, 17, 17, 17, 17, 17, 17, 17, 17, 17, 17, 17
ch119, 17, 17, 17, 17, 17, 17, 17, 17, 17, 17, 17, 17
ch135, 17, 17, 17, 17, 17, 17, 17, 17, 17, 17, 17, 17
ch151, 17, 17, 17, 17, 17, 17, 17, 17, 17, 17, 17, 17
ch167, 17, 17, 17, 17, 17, 17, 17, 17, 17, 17, 17, 17
ch183, 17, 17, 17, 17, 17, 17, 17, 17, 17, 17, 17, 17
ch199, 17, 17, 17, 17, 17, 17, 17, 17, 17, 17, 17, 17
ch215, 17, 17, 17, 17, 17, 17, 17, 17, 17, 17, 17, 17
ch233, 17, 17, 17, 17, 17, 17, 17, 17, 17, 17, 17, 17
</ru484>

<ru996, m0, m1, m2, m3, m4, m5, m6, m7, m8, m9, m10, m11>
ch007, 23, 23, 23, 23, 23, 23, 23, 23, 23, 23, 23, 23
ch023, 23, 23, 23, 23, 23, 23, 23, 23, 23, 23, 23, 23
ch039, 25, 25, 25, 25, 25, 25, 25, 25, 25, 25, 25, 25
ch055, 25, 25, 25, 25, 25, 25, 25, 25, 25, 25, 25, 25
ch071, 26, 26, 26, 26, 26, 26, 26, 26, 26, 26, 26, 26
ch087, 26, 26, 26, 26, 26, 26, 26, 26, 26, 26, 26, 26
ch103, 26, 26, 26, 26, 26, 26, 26, 26, 26, 26, 26, 26
ch119, 26, 26, 26, 26, 26, 26, 26, 26, 26, 26, 26, 26
ch135, 26, 26, 26, 26, 26, 26, 26, 26, 26, 26, 26, 26
ch151, 26, 26, 26, 26, 26, 26, 26, 26, 26, 26, 26, 26
ch167, 26, 26, 26, 26, 26, 26, 26, 26, 26, 26, 26, 26
ch183, 26, 26, 26, 26, 26, 26, 26, 26, 26, 26, 26, 26
ch199, 26, 26, 26, 26, 26, 26, 26, 26, 26, 26, 26, 26
ch215, 26, 26, 26, 26, 26, 26, 26, 26, 26, 26, 26, 26
ch233, 26, 26, 26, 26, 26, 26, 26, 26, 26, 26, 26, 26
</ru996>

[AU,NZ]
<ofdm, o6, o9, o12, o18, o24, o36, o48, o54>
ch007, 23, 23, 23, 23, 23, 23, 23, 23
ch023, 23, 23, 23, 23, 23, 23, 23, 23
ch039, 23, 23, 23, 23, 23, 23, 23, 23
ch055, 24, 24, 24, 24, 24, 24, 24, 24
ch071, 24, 24, 24, 24, 24, 24, 24, 24
ch087, 24, 24, 24, 24, 24, 24, 24, 24
ch103, 24, 24, 24, 24, 24, 24, 24, 24
ch119, 24, 24, 24, 24, 24, 24, 24, 24
ch135, 24, 24, 24, 24, 24, 24, 24, 24
ch151, 24, 24, 24, 24, 24, 24, 24, 24
ch167, 24, 24, 24, 24, 24, 24, 24, 24
ch183, 24, 24, 24, 24, 24, 24, 24, 24
ch199, 24, 24, 24, 24, 24, 24, 24, 24
ch215, 24, 24, 24, 24, 24, 24, 24, 24
ch233, 24, 24, 24, 24, 24, 24, 24, 24
</ofdm>

<ru26, m0, m1, m2, m3, m4, m5, m6, m7, m8, m9, m10, m11>
ch007, 8, 8, 8, 8, 8, 8, 8, 8, 8, 8, 8, 8
ch023, 8, 8, 8, 8, 8, 8, 8, 8, 8, 8, 8, 8
ch039, 8, 8, 8, 8, 8, 8, 8, 8, 8, 8, 8, 8
ch055, 8, 8, 8, 8, 8, 8, 8, 8, 8, 8, 8, 8
ch071, 8, 8, 8, 8, 8, 8, 8, 8, 8, 8, 8, 8
ch087, 8, 8, 8, 8, 8, 8, 8, 8, 8, 8, 8, 8
ch103, 8, 8, 8, 8, 8, 8, 8, 8, 8, 8, 8, 8
ch119, 8, 8, 8, 8, 8, 8, 8, 8, 8, 8, 8, 8
ch135, 8, 8, 8, 8, 8, 8, 8, 8, 8, 8, 8, 8
ch151, 8, 8, 8, 8, 8, 8, 8, 8, 8, 8, 8, 8
ch167, 8, 8, 8, 8, 8, 8, 8, 8, 8, 8, 8, 8
ch183, 8, 8, 8, 8, 8, 8, 8, 8, 8, 8, 8, 8
ch199, 8, 8, 8, 8, 8, 8, 8, 8, 8, 8, 8, 8
ch215, 8, 8, 8, 8, 8, 8, 8, 8, 8, 8, 8, 8
ch233, 8, 8, 8, 8, 8, 8, 8, 8, 8, 8, 8, 8
</ru26>

<ru52, m0, m1, m2, m3, m4, m5, m6, m7, m8, m9, m10, m11>
ch007, 13, 13, 13, 13, 13, 13, 13, 13, 13, 13, 13, 13
ch023, 13, 13, 13, 13, 13, 13, 13, 13, 13, 13, 13, 13
ch039, 13, 13, 13, 13, 13, 13, 13, 13, 13, 13, 13, 13
ch055, 13, 13, 13, 13, 13, 13, 13, 13, 13, 13, 13, 13
ch071, 13, 13, 13, 13, 13, 13, 13, 13, 13, 13, 13, 13
ch087, 13, 13, 13, 13, 13, 13, 13, 13, 13, 13, 13, 13
ch103, 13, 13, 13, 13, 13, 13, 13, 13, 13, 13, 13, 13
ch119, 13, 13, 13, 13, 13, 13, 13, 13, 13, 13, 13, 13
ch135, 13, 13, 13, 13, 13, 13, 13, 13, 13, 13, 13, 13
ch151, 13, 13, 13, 13, 13, 13, 13, 13, 13, 13, 13, 13
ch167, 13, 13, 13, 13, 13, 13, 13, 13, 13, 13, 13, 13
ch183, 13, 13, 13, 13, 13, 13, 13, 13, 13, 13, 13, 13
ch199, 13, 13, 13, 13, 13, 13, 13, 13, 13, 13, 13, 13
ch215, 13, 13, 13, 13, 13, 13, 13, 13, 13, 13, 13, 13
ch233, 13, 13, 13, 13, 13, 13, 13, 13, 13, 13, 13, 13
</ru52>

<ru106, m0, m1, m2, m3, m4, m5, m6, m7, m8, m9, m10, m11>
ch007, 18, 18, 18, 18, 18, 18, 18, 18, 18, 18, 18, 18
ch023, 18, 18, 18, 18, 18, 18, 18, 18, 18, 18, 18, 18
ch039, 18, 18, 18, 18, 18, 18, 18, 18, 18, 18, 18, 18
ch055, 18, 18, 18, 18, 18, 18, 18, 18, 18, 18, 18, 18
ch071, 18, 18, 18, 18, 18, 18, 18, 18, 18, 18, 18, 18
ch087, 18, 18, 18, 18, 18, 18, 18, 18, 18, 18, 18, 18
ch103, 18, 18, 18, 18, 18, 18, 18, 18, 18, 18, 18, 18
ch119, 18, 18, 18, 18, 18, 18, 18, 18, 18, 18, 18, 18
ch135, 18, 18, 18, 18, 18, 18, 18, 18, 18, 18, 18, 18
ch151, 18, 18, 18, 18, 18, 18, 18, 18, 18, 18, 18, 18
ch167, 18, 18, 18, 18, 18, 18, 18, 18, 18, 18, 18, 18
ch183, 18, 18, 18, 18, 18, 18, 18, 18, 18, 18, 18, 18
ch199, 18, 18, 18, 18, 18, 18, 18, 18, 18, 18, 18, 18
ch215, 18, 18, 18, 18, 18, 18, 18, 18, 18, 18, 18, 18
ch233, 18, 18, 18, 18, 18, 18, 18, 18, 18, 18, 18, 18
</ru106>

<ru242, m0, m1, m2, m3, m4, m5, m6, m7, m8, m9, m10, m11>
ch007, 21, 21, 21, 21, 21, 21, 21, 21, 21, 21, 21, 21
ch023, 21, 21, 21, 21, 21, 21, 21, 21, 21, 21, 21, 21
ch039, 21, 21, 21, 21, 21, 21, 21, 21, 21, 21, 21, 21
ch055, 21, 21, 21, 21, 21, 21, 21, 21, 21, 21, 21, 21
ch071, 21, 21, 21, 21, 21, 21, 21, 21, 21, 21, 21, 21
ch087, 21, 21, 21, 21, 21, 21, 21, 21, 21, 21, 21, 21
ch103, 21, 21, 21, 21, 21, 21, 21, 21, 21, 21, 21, 21
ch119, 21, 21, 21, 21, 21, 21, 21, 21, 21, 21, 21, 21
ch135, 21, 21, 21, 21, 21, 21, 21, 21, 21, 21, 21, 21
ch151, 21, 21, 21, 21, 21, 21, 21, 21, 21, 21, 21, 21
ch167, 21, 21, 21, 21, 21, 21, 21, 21, 21, 21, 21, 21
ch183, 21, 21, 21, 21, 21, 21, 21, 21, 21, 21, 21, 21
ch199, 21, 21, 21, 21, 21, 21, 21, 21, 21, 21, 21, 21
ch215, 21, 21, 21, 21, 21, 21, 21, 21, 21, 21, 21, 21
ch233, 21, 21, 21, 21, 21, 21, 21, 21, 21, 21, 21, 21
</ru242>

<ru484, m0, m1, m2, m3, m4, m5, m6, m7, m8, m9, m10, m11>
ch007, 21, 21, 21, 21, 21, 21, 21, 21, 21, 21, 21, 21
ch023, 21, 21, 21, 21, 21, 21, 21, 21, 21, 21, 21, 21
ch039, 21, 21, 21, 21, 21, 21, 21, 21, 21, 21, 21, 21
ch055, 21, 21, 21, 21, 21, 21, 21, 21, 21, 21, 21, 21
ch071, 21, 21, 21, 21, 21, 21, 21, 21, 21, 21, 21, 21
ch087, 21, 21, 21, 21, 21, 21, 21, 21, 21, 21, 21, 21
ch103, 21, 21, 21, 21, 21, 21, 21, 21, 21, 21, 21, 21
ch119, 21, 21, 21, 21, 21, 21, 21, 21, 21, 21, 21, 21
ch135, 21, 21, 21, 21, 21, 21, 21, 21, 21, 21, 21, 21
ch151, 21, 21, 21, 21, 21, 21, 21, 21, 21, 21, 21, 21
ch167, 21, 21, 21, 21, 21, 21, 21, 21, 21, 21, 21, 21
ch183, 21, 21, 21, 21, 21, 21, 21, 21, 21, 21, 21, 21
ch199, 21, 21, 21, 21, 21, 21, 21, 21, 21, 21, 21, 21
ch215, 21, 21, 21, 21, 21, 21, 21, 21, 21, 21, 21, 21
ch233, 21, 21, 21, 21, 21, 21, 21, 21, 21, 21, 21, 21
</ru484>

<ru996, m0, m1, m2, m3, m4, m5, m6, m7, m8, m9, m10, m11>
ch007, 24, 24, 24, 24, 24, 24, 24, 24, 24, 24, 24, 24
ch023, 24, 24, 24, 24, 24, 24, 24, 24, 24, 24, 24, 24
ch039, 24, 24, 24, 24, 24, 24, 24, 24, 24, 24, 24, 24
ch055, 24, 24, 24, 24, 24, 24, 24, 24, 24, 24, 24, 24
ch071, 24, 24, 24, 24, 24, 24, 24, 24, 24, 24, 24, 24
ch087, 24, 24, 24, 24, 24, 24, 24, 24, 24, 24, 24, 24
ch103, 24, 24, 24, 24, 24, 24, 24, 24, 24, 24, 24, 24
ch119, 24, 24, 24, 24, 24, 24, 24, 24, 24, 24, 24, 24
ch135, 24, 24, 24, 24, 24, 24, 24, 24, 24, 24, 24, 24
ch151, 24, 24, 24, 24, 24, 24, 24, 24, 24, 24, 24, 24
ch167, 24, 24, 24, 24, 24, 24, 24, 24, 24, 24, 24, 24
ch183, 24, 24, 24, 24, 24, 24, 24, 24, 24, 24, 24, 24
ch199, 24, 24, 24, 24, 24, 24, 24, 24, 24, 24, 24, 24
ch215, 24, 24, 24, 24, 24, 24, 24, 24, 24, 24, 24, 24
ch233, 24, 24, 24, 24, 24, 24, 24, 24, 24, 24, 24, 24
</ru996>

[MX]
<ofdm, o6, o9, o12, o18, o24, o36, o48, o54>
ch007, 5, 5, 5, 5, 5, 5, 5, 5
ch023, 5, 5, 5, 5, 5, 5, 5, 5
ch039, 5, 5, 5, 5, 5, 5, 5, 5
ch055, 5, 5, 5, 5, 5, 5, 5, 5
ch071, 5, 5, 5, 5, 5, 5, 5, 5
ch087, 5, 5, 5, 5, 5, 5, 5, 5
ch103, 4, 4, 4, 4, 4, 4, 4, 4
ch119, 4, 4, 4, 4, 4, 4, 4, 4
ch135, 4, 4, 4, 4, 4, 4, 4, 4
ch151, 4, 4, 4, 4, 4, 4, 4, 4
ch167, 5, 5, 5, 5, 5, 5, 5, 5
ch183, 5, 5, 5, 5, 5, 5, 5, 5
ch199, 7, 7, 7, 7, 7, 7, 7, 7
ch215, 7, 7, 7, 7, 7, 7, 7, 7
ch233, 7, 7, 7, 7, 7, 7, 7, 7
</ofdm>

<ru26, m0, m1, m2, m3, m4, m5, m6, m7, m8, m9, m10, m11>
ch007, -25, -25, -25, -25, -25, -25, -25, -25, -25, -25, -25, -25
ch023, -25, -25, -25, -25, -25, -25, -25, -25, -25, -25, -25, -25
ch039, -23, -23, -23, -23, -23, -23, -23, -23, -23, -23, -23, -23
ch055, -23, -23, -23, -23, -23, -23, -23, -23, -23, -23, -23, -23
ch071, -24, -24, -24, -24, -24, -24, -24, -24, -24, -24, -24, -24
ch087, -24, -24, -24, -24, -24, -24, -24, -24, -24, -24, -24, -24
ch103, -24, -24, -24, -24, -24, -24, -24, -24, -24, -24, -24, -24
ch119, -24, -24, -24, -24, -24, -24, -24, -24, -24, -24, -24, -24
ch135, -24, -24, -24, -24, -24, -24, -24, -24, -24, -24, -24, -24
ch151, -24, -24, -24, -24, -24, -24, -24, -24, -24, -24, -24, -24
ch167, -24, -24, -24, -24, -24, -24, -24, -24, -24, -24, -24, -24
ch183, -24, -24, -24, -24, -24, -24, -24, -24, -24, -24, -24, -24
ch199, -24, -24, -24, -24, -24, -24, -24, -24, -24, -24, -24, -24
ch215, -24, -24, -24, -24, -24, -24, -24, -24, -24, -24, -24, -24
ch233, -24, -24, -24, -24, -24, -24, -24, -24, -24, -24, -24, -24
</ru26>

<ru52, m0, m1, m2, m3, m4, m5, m6, m7, m8, m9, m10, m11>
ch007, -19, -19, -19, -19, -19, -19, -19, -19, -19, -19, -19, -19
ch023, -19, -19, -19, -19, -19, -19, -19, -19, -19, -19, -19, -19
ch039, -18, -18, -18, -18, -18, -18, -18, -18, -18, -18, -18, -18
ch055, -18, -18, -18, -18, -18, -18, -18, -18, -18, -18, -18, -18
ch071, -18, -18, -18, -18, -18, -18, -18, -18, -18, -18, -18, -18
ch087, -18, -18, -18, -18, -18, -18, -18, -18, -18, -18, -18, -18
ch103, -18, -18, -18, -18, -18, -18, -18, -18, -18, -18, -18, -18
ch119, -18, -18, -18, -18, -18, -18, -18, -18, -18, -18, -18, -18
ch135, -18, -18, -18, -18, -18, -18, -18, -18, -18, -18, -18, -18
ch151, -18, -18, -18, -18, -18, -18, -18, -18, -18, -18, -18, -18
ch167, -18, -18, -18, -18, -18, -18, -18, -18, -18, -18, -18, -18
ch183, -18, -18, -18, -18, -18, -18, -18, -18, -18, -18, -18, -18
ch199, -18, -18, -18, -18, -18, -18, -18, -18, -18, -18, -18, -18
ch215, -18, -18, -18, -18, -18, -18, -18, -18, -18, -18, -18, -18
ch233, -18, -18, -18, -18, -18, -18, -18, -18, -18, -18, -18, -18
</ru52>

<ru106, m0, m1, m2, m3, m4, m5, m6, m7, m8, m9, m10, m11>
ch007, -12, -12, -12, -12, -12, -12, -12, -12, -12, -12, -12, -12
ch023, -12, -12, -12, -12, -12, -12, -12, -12, -12, -12, -12, -12
ch039, -13, -13, -13, -13, -13, -13, -13, -13, -13, -13, -13, -13
ch055, -13, -13, -13, -13, -13, -13, -13, -13, -13, -13, -13, -13
ch071, -13, -13, -13, -13, -13, -13, -13, -13, -13, -13, -13, -13
ch087, -12, -12, -12, -12, -12, -12, -12, -12, -12, -12, -12, -12
ch103, -12, -12, -12, -12, -12, -12, -12, -12, -12, -12, -12, -12
ch119, -12, -12, -12, -12, -12, -12, -12, -12, -12, -12, -12, -12
ch135, -12, -12, -12, -12, -12, -12, -12, -12, -12, -12, -12, -12
ch151, -12, -12, -12, -12, -12, -12, -12, -12, -12, -12, -12, -12
ch167, -12, -12, -12, -12, -12, -12, -12, -12, -12, -12, -12, -12
ch183, -12, -12, -12, -12, -12, -12, -12, -12, -12, -12, -12, -12
ch199, -12, -12, -12, -12, -12, -12, -12, -12, -12, -12, -12, -12
ch215, -12, -12, -12, -12, -12, -12, -12, -12, -12, -12, -12, -12
ch233, -12, -12, -12, -12, -12, -12, -12, -12, -12, -12, -12, -12
</ru106>

<ru242, m0, m1, m2, m3, m4, m5, m6, m7, m8, m9, m10, m11>
ch007, -6, -6, -6, -6, -6, -6, -6, -6, -6, -6, -6, -6
ch023, -6, -6, -6, -6, -6, -6, -6, -6, -6, -6, -6, -6
ch039, -7, -7, -7, -7, -7, -7, -7, -7, -7, -7, -7, -7
ch055, -7, -7, -7, -7, -7, -7, -7, -7, -7, -7, -7, -7
ch071, -7, -7, -7, -7, -7, -7, -7, -7, -7, -7, -7, -7
ch087, -6, -6, -6, -6, -6, -6, -6, -6, -6, -6, -6, -6
ch103, -6, -6, -6, -6, -6, -6, -6, -6, -6, -6, -6, -6
ch119, -6, -6, -6, -6, -6, -6, -6, -6, -6, -6, -6, -6
ch135, -6, -6, -6, -6, -6, -6, -6, -6, -6, -6, -6, -6
ch151, -6, -6, -6, -6, -6, -6, -6, -6, -6, -6, -6, -6
ch167, -6, -6, -6, -6, -6, -6, -6, -6, -6, -6, -6, -6
ch183, -6, -6, -6, -6, -6, -6, -6, -6, -6, -6, -6, -6
ch199, -6, -6, -6, -6, -6, -6, -6, -6, -6, -6, -6, -6
ch215, -6, -6, -6, -6, -6, -6, -6, -6, -6, -6, -6, -6
ch233, -6, -6, -6, -6, -6, -6, -6, -6, -6, -6, -6, -6
</ru242>

<ru484, m0, m1, m2, m3, m4, m5, m6, m7, m8, m9, m10, m11>
ch007, -1, -1, -1, -1, -1, -1, -1, -1, -1, -1, -1, -1
ch023, -1, -1, -1, -1, -1, -1, -1, -1, -1, -1, -1, -1
ch039, -3, -3, -3, -3, -3, -3, -3, -3, -3, -3, -3, -3
ch055, -3, -3, -3, -3, -3, -3, -3, -3, -3, -3, -3, -3
ch071, -3, -3, -3, -3, -3, -3, -3, -3, -3, -3, -3, -3
ch087, -1, -1, -1, -1, -1, -1, -1, -1, -1, -1, -1, -1
ch103, -1, -1, -1, -1, -1, -1, -1, -1, -1, -1, -1, -1
ch119, -1, -1, -1, -1, -1, -1, -1, -1, -1, -1, -1, -1
ch135, -1, -1, -1, -1, -1, -1, -1, -1, -1, -1, -1, -1
ch151, -1, -1, -1, -1, -1, -1, -1, -1, -1, -1, -1, -1
ch167, -1, -1, -1, -1, -1, -1, -1, -1, -1, -1, -1, -1
ch183, -1, -1, -1, -1, -1, -1, -1, -1, -1, -1, -1, -1
ch199, -1, -1, -1, -1, -1, -1, -1, -1, -1, -1, -1, -1
ch215, -1, -1, -1, -1, -1, -1, -1, -1, -1, -1, -1, -1
ch233, -1, -1, -1, -1, -1, -1, -1, -1, -1, -1, -1, -1
</ru484>

<ru996, m0, m1, m2, m3, m4, m5, m6, m7, m8, m9, m10, m11>
ch007, 5, 5, 5, 5, 5, 5, 5, 5, 5, 5, 5, 5
ch023, 5, 5, 5, 5, 5, 5, 5, 5, 5, 5, 5, 5
ch039, 4, 4, 4, 4, 4, 4, 4, 4, 4, 4, 4, 4
ch055, 4, 4, 4, 4, 4, 4, 4, 4, 4, 4, 4, 4
ch071, 4, 4, 4, 4, 4, 4, 4, 4, 4, 4, 4, 4
ch087, 5, 5, 5, 5, 5, 5, 5, 5, 5, 5, 5, 5
ch103, 5, 5, 5, 5, 5, 5, 5, 5, 5, 5, 5, 5
ch119, 5, 5, 5, 5, 5, 5, 5, 5, 5, 5, 5, 5
ch135, 5, 5, 5, 5, 5, 5, 5, 5, 5, 5, 5, 5
ch151, 5, 5, 5, 5, 5, 5, 5, 5, 5, 5, 5, 5
ch167, 5, 5, 5, 5, 5, 5, 5, 5, 5, 5, 5, 5
ch183, 5, 5, 5, 5, 5, 5, 5, 5, 5, 5, 5, 5
ch199, 5, 5, 5, 5, 5, 5, 5, 5, 5, 5, 5, 5
ch215, 5, 5, 5, 5, 5, 5, 5, 5, 5, 5, 5, 5
ch233, 5, 5, 5, 5, 5, 5, 5, 5, 5, 5, 5, 5
</ru996>

[00]
<ofdm, o6, o9, o12, o18, o24, o36, o48, o54>
ch007, 5, 5, 5, 5, 5, 5, 5, 5
ch023, 5, 5, 5, 5, 5, 5, 5, 5
ch039, 5, 5, 5, 5, 5, 5, 5, 5
ch055, 5, 5, 5, 5, 5, 5, 5, 5
ch071, 5, 5, 5, 5, 5, 5, 5, 5
ch087, 5, 5, 5, 5, 5, 5, 5, 5
ch103, 4, 4, 4, 4, 4, 4, 4, 4
ch119, 4, 4, 4, 4, 4, 4, 4, 4
ch135, 4, 4, 4, 4, 4, 4, 4, 4
ch151, 4, 4, 4, 4, 4, 4, 4, 4
ch167, 5, 5, 5, 5, 5, 5, 5, 5
ch183, 5, 5, 5, 5, 5, 5, 5, 5
ch199, 7, 7, 7, 7, 7, 7, 7, 7
ch215, 7, 7, 7, 7, 7, 7, 7, 7
ch233, 7, 7, 7, 7, 7, 7, 7, 7
</ofdm>

<ru26, m0, m1, m2, m3, m4, m5, m6, m7, m8, m9, m10, m11>
ch007, -25, -25, -25, -25, -25, -25, -25, -25, -25, -25, -25, -25
ch023, -25, -25, -25, -25, -25, -25, -25, -25, -25, -25, -25, -25
ch039, -23, -23, -23, -23, -23, -23, -23, -23, -23, -23, -23, -23
ch055, -23, -23, -23, -23, -23, -23, -23, -23, -23, -23, -23, -23
ch071, -24, -24, -24, -24, -24, -24, -24, -24, -24, -24, -24, -24
ch087, -24, -24, -24, -24, -24, -24, -24, -24, -24, -24, -24, -24
ch103, -24, -24, -24, -24, -24, -24, -24, -24, -24, -24, -24, -24
ch119, -24, -24, -24, -24, -24, -24, -24, -24, -24, -24, -24, -24
ch135, -24, -24, -24, -24, -24, -24, -24, -24, -24, -24, -24, -24
ch151, -24, -24, -24, -24, -24, -24, -24, -24, -24, -24, -24, -24
ch167, -24, -24, -24, -24, -24, -24, -24, -24, -24, -24, -24, -24
ch183, -24, -24, -24, -24, -24, -24, -24, -24, -24, -24, -24, -24
ch199, -24, -24, -24, -24, -24, -24, -24, -24, -24, -24, -24, -24
ch215, -24, -24, -24, -24, -24, -24, -24, -24, -24, -24, -24, -24
ch233, -24, -24, -24, -24, -24, -24, -24, -24, -24, -24, -24, -24
</ru26>

<ru52, m0, m1, m2, m3, m4, m5, m6, m7, m8, m9, m10, m11>
ch007, -19, -19, -19, -19, -19, -19, -19, -19, -19, -19, -19, -19
ch023, -19, -19, -19, -19, -19, -19, -19, -19, -19, -19, -19, -19
ch039, -18, -18, -18, -18, -18, -18, -18, -18, -18, -18, -18, -18
ch055, -18, -18, -18, -18, -18, -18, -18, -18, -18, -18, -18, -18
ch071, -18, -18, -18, -18, -18, -18, -18, -18, -18, -18, -18, -18
ch087, -18, -18, -18, -18, -18, -18, -18, -18, -18, -18, -18, -18
ch103, -18, -18, -18, -18, -18, -18, -18, -18, -18, -18, -18, -18
ch119, -18, -18, -18, -18, -18, -18, -18, -18, -18, -18, -18, -18
ch135, -19, -19, -19, -19, -19, -19, -19, -19, -19, -19, -19, -19
ch151, -19, -19, -19, -19, -19, -19, -19, -19, -19, -19, -19, -19
ch167, -18, -18, -18, -18, -18, -18, -18, -18, -18, -18, -18, -18
ch183, -18, -18, -18, -18, -18, -18, -18, -18, -18, -18, -18, -18
ch199, -18, -18, -18, -18, -18, -18, -18, -18, -18, -18, -18, -18
ch215, -18, -18, -18, -18, -18, -18, -18, -18, -18, -18, -18, -18
ch233, -18, -18, -18, -18, -18, -18, -18, -18, -18, -18, -18, -18
</ru52>

<ru106, m0, m1, m2, m3, m4, m5, m6, m7, m8, m9, m10, m11>
ch007, -12, -12, -12, -12, -12, -12, -12, -12, -12, -12, -12, -12
ch023, -12, -12, -12, -12, -12, -12, -12, -12, -12, -12, -12, -12
ch039, -13, -13, -13, -13, -13, -13, -13, -13, -13, -13, -13, -13
ch055, -13, -13, -13, -13, -13, -13, -13, -13, -13, -13, -13, -13
ch071, -13, -13, -13, -13, -13, -13, -13, -13, -13, -13, -13, -13
ch087, -12, -12, -12, -12, -12, -12, -12, -12, -12, -12, -12, -12
ch103, -12, -12, -12, -12, -12, -12, -12, -12, -12, -12, -12, -12
ch119, -12, -12, -12, -12, -12, -12, -12, -12, -12, -12, -12, -12
ch135, -13, -13, -13, -13, -13, -13, -13, -13, -13, -13, -13, -13
ch151, -13, -13, -13, -13, -13, -13, -13, -13, -13, -13, -13, -13
ch167, -12, -12, -12, -12, -12, -12, -12, -12, -12, -12, -12, -12
ch183, -12, -12, -12, -12, -12, -12, -12, -12, -12, -12, -12, -12
ch199, -12, -12, -12, -12, -12, -12, -12, -12, -12, -12, -12, -12
ch215, -12, -12, -12, -12, -12, -12, -12, -12, -12, -12, -12, -12
ch233, -12, -12, -12, -12, -12, -12, -12, -12, -12, -12, -12, -12
</ru106>

<ru242, m0, m1, m2, m3, m4, m5, m6, m7, m8, m9, m10, m11>
ch007, -6, -6, -6, -6, -6, -6, -6, -6, -6, -6, -6, -6
ch023, -6, -6, -6, -6, -6, -6, -6, -6, -6, -6, -6, -6
ch039, -7, -7, -7, -7, -7, -7, -7, -7, -7, -7, -7, -7
ch055, -7, -7, -7, -7, -7, -7, -7, -7, -7, -7, -7, -7
ch071, -7, -7, -7, -7, -7, -7, -7, -7, -7, -7, -7, -7
ch087, -6, -6, -6, -6, -6, -6, -6, -6, -6, -6, -6, -6
ch103, -7, -7, -7, -7, -7, -7, -7, -7, -7, -7, -7, -7
ch119, -7, -7, -7, -7, -7, -7, -7, -7, -7, -7, -7, -7
ch135, -7, -7, -7, -7, -7, -7, -7, -7, -7, -7, -7, -7
ch151, -7, -7, -7, -7, -7, -7, -7, -7, -7, -7, -7, -7
ch167, -6, -6, -6, -6, -6, -6, -6, -6, -6, -6, -6, -6
ch183, -6, -6, -6, -6, -6, -6, -6, -6, -6, -6, -6, -6
ch199, -6, -6, -6, -6, -6, -6, -6, -6, -6, -6, -6, -6
ch215, -6, -6, -6, -6, -6, -6, -6, -6, -6, -6, -6, -6
ch233, -6, -6, -6, -6, -6, -6, -6, -6, -6, -6, -6, -6
</ru242>

<ru484, m0, m1, m2, m3, m4, m5, m6, m7, m8, m9, m10, m11>
ch007, -1, -1, -1, -1, -1, -1, -1, -1, -1, -1, -1, -1
ch023, -1, -1, -1, -1, -1, -1, -1, -1, -1, -1, -1, -1
ch039, -3, -3, -3, -3, -3, -3, -3, -3, -3, -3, -3, -3
ch055, -3, -3, -3, -3, -3, -3, -3, -3, -3, -3, -3, -3
ch071, -3, -3, -3, -3, -3, -3, -3, -3, -3, -3, -3, -3
ch087, -1, -1, -1, -1, -1, -1, -1, -1, -1, -1, -1, -1
ch103, -3, -3, -3, -3, -3, -3, -3, -3, -3, -3, -3, -3
ch119, -3, -3, -3, -3, -3, -3, -3, -3, -3, -3, -3, -3
ch135, -1, -1, -1, -1, -1, -1, -1, -1, -1, -1, -1, -1
ch151, -1, -1, -1, -1, -1, -1, -1, -1, -1, -1, -1, -1
ch167, -1, -1, -1, -1, -1, -1, -1, -1, -1, -1, -1, -1
ch183, -1, -1, -1, -1, -1, -1, -1, -1, -1, -1, -1, -1
ch199, -1, -1, -1, -1, -1, -1, -1, -1, -1, -1, -1, -1
ch215, -1, -1, -1, -1, -1, -1, -1, -1, -1, -1, -1, -1
ch233, -1, -1, -1, -1, -1, -1, -1, -1, -1, -1, -1, -1
</ru484>

<ru996, m0, m1, m2, m3, m4, m5, m6, m7, m8, m9, m10, m11>
ch007, 5, 5, 5, 5, 5, 5, 5, 5, 5, 5, 5, 5
ch023, 5, 5, 5, 5, 5, 5, 5, 5, 5, 5, 5, 5
ch039, 4, 4, 4, 4, 4, 4, 4, 4, 4, 4, 4, 4
ch055, 4, 4, 4, 4, 4, 4, 4, 4, 4, 4, 4, 4
ch071, 4, 4, 4, 4, 4, 4, 4, 4, 4, 4, 4, 4
ch087, 5, 5, 5, 5, 5, 5, 5, 5, 5, 5, 5, 5
ch103, 4, 4, 4, 4, 4, 4, 4, 4, 4, 4, 4, 4
ch119, 4, 4, 4, 4, 4, 4, 4, 4, 4, 4, 4, 4
ch135, 4, 4, 4, 4, 4, 4, 4, 4, 4, 4, 4, 4
ch151, 3, 3, 3, 3, 3, 3, 3, 3, 3, 3, 3, 3
ch167, 5, 5, 5, 5, 5, 5, 5, 5, 5, 5, 5, 5
ch183, 5, 5, 5, 5, 5, 5, 5, 5, 5, 5, 5, 5
ch199, 5, 5, 5, 5, 5, 5, 5, 5, 5, 5, 5, 5
ch215, 5, 5, 5, 5, 5, 5, 5, 5, 5, 5, 5, 5
ch233, 5, 5, 5, 5, 5, 5, 5, 5, 5, 5, 5, 5
</ru996>
